PL6 7AJ,50.4394260000,-4.0800360000
