TN39 5JL,50.8723270000,0.4443970000
