PO18 9NR,50.9413430000,-0.9042880000
PO18 9NS,50.9406420000,-0.9035970000
