SP7 9AB,51.0179170000,-2.1689000000
