SO24 9SG,51.0972940000,-1.1066870000
SO24 9SQ,51.0901720000,-1.1002550000
