TN12 6PT,51.1902140000,0.4054600000
