SP5 1SD,51.1028750000,-1.6788700000
SP5 1SE,51.1023930000,-1.6779850000
