TN11 9RG,51.2443220000,0.3166510000
TN11 9RQ,51.2462220000,0.3115160000
TN11 9SH,51.2498260000,0.3129140000
