RG26 5RD,51.3027940000,-1.1530060000
RG26 5RE,51.3096860000,-1.1573750000
