BS37 6QR,51.5630520000,-2.3395270000
