WD3 5NU,51.6496600000,-0.5303660000
WD3 5PN,51.6488860000,-0.5310270000
WD3 5PW,51.6470280000,-0.5320550000
WD3 5BD,51.6458360000,-0.5302290000
WD3 5BG,51.6432600000,-0.5334810000
WD3 5BH,51.6468410000,-0.5307600000
WD3 5BQ,51.6459890000,-0.5309610000
