SS3 9XN,51.6009090000,0.9055580000
