GL7 5JQ,51.7067950000,-1.8488380000
