OX5 2QA,51.8339590000,-1.2676640000
OX5 2QB,51.8348580000,-1.2691440000
OX5 2QD,51.8353130000,-1.2699360000
