OX27 7LE,51.9795710000,-1.2723510000
