HR9 7JQ,51.9355350000,-2.5698530000
