HR2 8PL,51.9275820000,-2.7487620000
