MK16 0HB,52.0679910000,-0.6669860000
