SG8 9SD,52.0149860000,-0.0657600000
SG8 9SE,52.0125480000,-0.0656900000
SG8 9SN,52.0101490000,-0.0647730000
