SA44 6QU,52.1260540000,-4.4820820000
SA44 6QX,52.1250970000,-4.4862610000
SA44 6QY,52.1290760000,-4.4865120000
SA43 2JR,52.1231440000,-4.4863710000
