IP13 9JG,52.2473070000,1.3552170000
IP13 9JH,52.2474060000,1.3535830000
