WR3 7RG,52.2311590000,-2.2351440000
