CB7 5RF,52.3581930000,0.3800830000
