NN6 7GZ,52.3653650000,-1.1700160000
