SY23 4SH,52.3163080000,-3.9735670000
