CV8 3GN,52.3944650000,-1.3982900000
