SY18 6SX,52.4250040000,-3.6524650000
SY18 6SZ,52.4212180000,-3.6534480000
