IP21 4XT,52.4508490000,1.2382230000
IP21 4XU,52.4594430000,1.2328030000
