PE7 3DJ,52.5261600000,-0.1993730000
PE7 3DS,52.5288040000,-0.1917140000
