PE12 8QJ,52.7765010000,0.0133460000
