NR10 3AR,52.7104340000,1.2792740000
NR10 3AT,52.7193730000,1.2754070000
