NG33 4LD,52.8067370000,-0.5446090000
