NG32 3NG,52.9445460000,-0.4998740000
