TF9 3SS,52.9237580000,-2.4955830000
