LL21 9HD,52.9752410000,-3.2767430000
LL21 9HP,52.9704180000,-3.2754850000
