LL15 1TY,53.1407140000,-3.3090180000
