LL18 5UL,53.2739280000,-3.4749010000
