S33 0BJ,53.4028340000,-1.7868030000
