DN8 5TD,53.5780260000,-0.9128990000
