PR26 9HA,53.6598650000,-2.7734920000
PR26 9JH,53.6581610000,-2.7798920000
PR26 9JS,53.6503620000,-2.7790500000
PR26 9BL,53.6580140000,-2.7799780000
