LS21 2QE,53.9205100000,-1.6822990000
