CA19 1YY,54.3616600000,-3.4191900000
