BT75 0UA,54.4430710000,-7.2834600000
