DG10 9LN,55.3306810000,-3.4294400000
