ML12 6QR,55.4695540000,-3.4188680000
