KY6 3HD,56.2131720000,-3.2114730000
