PH7 3LW,56.4276620000,-3.7710900000
