AB30 1DT,56.8570060000,-2.6370380000
